60	60	80	90	90	90	100	100	110	120	120	120	130	130	140	140	170	180	180	190	60	70	70	90	110	120	120	120	120	120	130	130	140	150	150	150	150	160	160	180	83	11	120	125	1473.684211	1057.894737	0.309259437	-0.527302936	9960	1375	55
40	50	60	60	90	90	90	100	110	110	110	110	110	120	120	120	130	140	150	190	70	80	90	90	90	100	100	100	110	110	110	120	120	130	130	140	140	140	140	190	98	77	105	115	1257.894737	763.1578947	0.170662168	0.768394503	10290	8855	61
40	40	50	50	50	60	60	70	70	70	70	80	80	80	90	90	100	110	110	130	60	70	90	90	90	90	100	120	120	120	120	120	130	130	130	130	140	150	150	150	24	15	75	115	605.2631579	689.4736842	0.489555581	-0.492143778	1800	1725	57
60	80	80	90	90	100	100	100	100	110	120	120	120	120	130	130	140	160	170	180	70	70	80	80	80	80	90	90	90	90	100	110	110	110	120	130	150	170	180	200	78	92	115	110	952.6315789	1431.578947	0.473823767	1.088639981	8970	10120	60
80	90	90	100	110	120	120	120	120	120	130	130	130	140	140	150	150	160	200	200	60	80	90	90	100	100	110	110	110	110	110	120	120	120	130	140	160	160	190	190	37	40	130	120	1010.526316	1147.368421	0.736270272	0.650243636	4810	4800	58
40	50	60	70	70	70	70	80	80	80	80	90	100	100	100	100	110	110	110	130	80	80	80	90	90	100	100	100	110	110	110	120	120	130	130	130	130	140	160	190	71	45	85	115	510.5263158	784.2105263	-0.056174426	0.914699697	6035	5175	50
20	50	50	60	70	70	70	70	90	90	100	100	110	110	120	120	120	120	130	130	50	70	80	90	90	90	100	100	100	110	110	120	120	120	130	140	140	140	150	150	71	65	90	110	968.4210526	747.3684211	-0.494535355	-0.301291814	6390	7150	67
70	70	80	80	80	90	110	110	110	110	120	120	130	130	130	130	140	140	150	200	60	60	70	70	80	80	80	80	100	100	100	100	110	110	120	120	140	140	190	190	48	64	115	105	1005.263158	1394.736842	0.635325394	1.026316666	5520	6720	72
80	90	100	120	120	120	130	130	130	130	140	140	140	140	140	140	150	170	190	200	50	60	70	80	90	90	90	100	100	110	110	120	120	120	120	130	130	150	160	200	34	52	135	110	836.8421053	1231.578947	0.39481403	0.599697791	4590	5720	52
50	60	70	100	100	100	110	110	110	110	110	120	120	120	120	130	130	130	140	160	30	40	40	40	50	60	60	60	60	70	70	70	80	80	90	90	90	120	140	160	49	61	110	75	684.2105263	1131.578947	-0.687915059	1.051176192	5390	4575	64
70	100	110	110	110	110	110	120	120	130	130	140	140	140	150	150	150	150	160	200	70	80	80	90	90	100	100	100	110	110	110	120	120	130	130	130	130	140	160	200	63	82	130	115	757.8947368	910.5263158	0.310564997	1.014134471	8190	9430	62
90	100	100	110	110	110	110	120	120	120	120	130	130	130	140	150	160	170	180	200	50	70	90	100	100	100	110	110	110	120	120	120	120	120	120	120	130	130	130	130	52	63	130	110	831.5789474	431.5789474	0.93224424	-1.517730844	6760	6930	54
30	60	100	100	100	100	110	110	110	110	110	120	120	130	130	140	170	170	180	200	40	80	80	90	90	90	100	100	110	110	110	110	120	120	120	130	140	140	150	170	56	78	120	110	1547.368421	831.5789474	0.005322863	-0.175640219	6720	8580	49
10	80	100	110	110	110	110	110	110	120	120	120	120	120	130	130	140	150	150	150	80	90	90	90	90	110	110	110	110	120	120	120	120	120	120	120	140	140	200	200	59	37	115	120	921.0526316	1010.526316	-2.034165555	1.452368755	6785	4440	66
60	70	80	80	80	80	80	90	90	100	100	110	110	120	120	120	120	130	130	130	80	90	90	100	110	120	120	120	120	120	130	130	130	140	140	150	150	160	200	200	33	39	100	130	484.2105263	1010.526316	-0.091223296	0.736270272	3300	5070	69
60	90	100	100	110	110	120	120	120	120	130	130	140	140	150	150	160	170	180	200	60	70	70	80	90	90	100	100	100	120	120	120	120	130	130	140	140	140	140	140	32	37	130	110	1073.684211	705.2631579	0.147346892	-0.415164578	4160	4070	51
50	70	80	90	100	100	110	110	110	110	120	120	120	120	130	150	150	170	190	200	40	50	60	60	70	70	70	70	70	70	70	80	80	90	90	90	90	100	120	160	62	71	120	80	1410.526316	673.6842105	0.46481234	1.463788683	7440	5680	63
40	40	50	70	80	90	100	100	110	110	140	140	140	140	150	150	150	160	170	170	40	70	70	100	100	100	110	110	110	120	120	130	140	140	160	160	160	180	180	200	61	54	115	125	1794.736842	1668.421053	-0.46873498	-0.090329781	7015	6750	65
50	60	60	70	70	80	90	90	90	100	110	110	110	120	120	120	140	150	170	190	60	80	90	90	90	90	90	100	100	100	120	120	120	130	140	150	160	180	190	200	57	31	105	120	1384.210526	1515.789474	0.600808402	0.669787977	5985	3720	53
30	60	60	60	60	60	70	70	70	70	80	80	80	90	90	100	100	100	110	160	70	90	90	100	110	110	110	110	110	120	130	130	130	130	130	140	150	160	180	200	28	75	80	125	715.7894737	952.6315789	1.116610793	0.6721686	2240	9375	70
70	90	100	100	100	100	110	110	110	110	110	120	120	120	130	140	150	160	160	190	90	100	100	100	110	110	110	110	120	120	120	120	130	140	140	150	160	170	200	200	69	57	120	130	789.4736842	1010.526316	0.774114548	1.018675307	8280	7410	56
50	70	80	80	100	100	100	110	110	120	120	120	120	120	120	140	140	140	160	200	40	50	50	50	60	80	80	80	90	90	100	100	100	100	110	130	130	140	150	170	51	64	115	95	1089.473684	1289.473684	0.436970852	0.321865889	5865	6080	59
70	70	80	80	90	100	100	100	100	100	110	120	130	130	130	130	140	140	190	190	70	90	100	100	100	100	110	110	120	120	130	130	130	130	160	170	170	180	190	190	74	64	115	130	1142.105263	1242.105263	0.822626552	0.377457814	8510	8320	68
80	90	90	100	100	110	110	110	120	120	130	130	140	150	150	160	160	160	190	200	20	40	50	90	100	100	100	110	110	120	120	130	130	130	140	140	150	150	170	200	79	32	130	115	1105.263158	1836.842105	0.476136051	-0.460941839	10270	3680	71
120	NaN	NaN	NaN	NaN	NaN	NaN	NaN	NaN	NaN	NaN	NaN	NaN	NaN	NaN	NaN	NaN	NaN	NaN	NaN	130	NaN	NaN	NaN	NaN	NaN	NaN	NaN	NaN	NaN	NaN	NaN	NaN	NaN	NaN	NaN	NaN	NaN	NaN	NaN	69	57	120	130	0	0	0	0	8280	7410	80
115	NaN	NaN	NaN	NaN	NaN	NaN	NaN	NaN	NaN	NaN	NaN	NaN	NaN	NaN	NaN	NaN	NaN	NaN	NaN	105	NaN	NaN	NaN	NaN	NaN	NaN	NaN	NaN	NaN	NaN	NaN	NaN	NaN	NaN	NaN	NaN	NaN	NaN	NaN	48	64	115	105	0	0	0	0	5520	6720	96
120	NaN	NaN	NaN	NaN	NaN	NaN	NaN	NaN	NaN	NaN	NaN	NaN	NaN	NaN	NaN	NaN	NaN	NaN	NaN	80	NaN	NaN	NaN	NaN	NaN	NaN	NaN	NaN	NaN	NaN	NaN	NaN	NaN	NaN	NaN	NaN	NaN	NaN	NaN	62	71	120	80	0	0	0	0	7440	5680	87
105	NaN	NaN	NaN	NaN	NaN	NaN	NaN	NaN	NaN	NaN	NaN	NaN	NaN	NaN	NaN	NaN	NaN	NaN	NaN	115	NaN	NaN	NaN	NaN	NaN	NaN	NaN	NaN	NaN	NaN	NaN	NaN	NaN	NaN	NaN	NaN	NaN	NaN	NaN	98	77	105	115	0	0	0	0	10290	8855	85
130	NaN	NaN	NaN	NaN	NaN	NaN	NaN	NaN	NaN	NaN	NaN	NaN	NaN	NaN	NaN	NaN	NaN	NaN	NaN	115	NaN	NaN	NaN	NaN	NaN	NaN	NaN	NaN	NaN	NaN	NaN	NaN	NaN	NaN	NaN	NaN	NaN	NaN	NaN	63	82	130	115	0	0	0	0	8190	9430	86
115	NaN	NaN	NaN	NaN	NaN	NaN	NaN	NaN	NaN	NaN	NaN	NaN	NaN	NaN	NaN	NaN	NaN	NaN	NaN	110	NaN	NaN	NaN	NaN	NaN	NaN	NaN	NaN	NaN	NaN	NaN	NaN	NaN	NaN	NaN	NaN	NaN	NaN	NaN	78	92	115	110	0	0	0	0	8970	10120	84
90	NaN	NaN	NaN	NaN	NaN	NaN	NaN	NaN	NaN	NaN	NaN	NaN	NaN	NaN	NaN	NaN	NaN	NaN	NaN	110	NaN	NaN	NaN	NaN	NaN	NaN	NaN	NaN	NaN	NaN	NaN	NaN	NaN	NaN	NaN	NaN	NaN	NaN	NaN	71	65	90	110	0	0	0	0	6390	7150	91
105	NaN	NaN	NaN	NaN	NaN	NaN	NaN	NaN	NaN	NaN	NaN	NaN	NaN	NaN	NaN	NaN	NaN	NaN	NaN	120	NaN	NaN	NaN	NaN	NaN	NaN	NaN	NaN	NaN	NaN	NaN	NaN	NaN	NaN	NaN	NaN	NaN	NaN	NaN	57	31	105	120	0	0	0	0	5985	3720	77
115	NaN	NaN	NaN	NaN	NaN	NaN	NaN	NaN	NaN	NaN	NaN	NaN	NaN	NaN	NaN	NaN	NaN	NaN	NaN	125	NaN	NaN	NaN	NaN	NaN	NaN	NaN	NaN	NaN	NaN	NaN	NaN	NaN	NaN	NaN	NaN	NaN	NaN	NaN	61	54	115	125	0	0	0	0	7015	6750	89
115	NaN	NaN	NaN	NaN	NaN	NaN	NaN	NaN	NaN	NaN	NaN	NaN	NaN	NaN	NaN	NaN	NaN	NaN	NaN	130	NaN	NaN	NaN	NaN	NaN	NaN	NaN	NaN	NaN	NaN	NaN	NaN	NaN	NaN	NaN	NaN	NaN	NaN	NaN	74	64	115	130	0	0	0	0	8510	8320	92
110	NaN	NaN	NaN	NaN	NaN	NaN	NaN	NaN	NaN	NaN	NaN	NaN	NaN	NaN	NaN	NaN	NaN	NaN	NaN	75	NaN	NaN	NaN	NaN	NaN	NaN	NaN	NaN	NaN	NaN	NaN	NaN	NaN	NaN	NaN	NaN	NaN	NaN	NaN	49	61	110	75	0	0	0	0	5390	4575	88
100	NaN	NaN	NaN	NaN	NaN	NaN	NaN	NaN	NaN	NaN	NaN	NaN	NaN	NaN	NaN	NaN	NaN	NaN	NaN	130	NaN	NaN	NaN	NaN	NaN	NaN	NaN	NaN	NaN	NaN	NaN	NaN	NaN	NaN	NaN	NaN	NaN	NaN	NaN	33	39	100	130	0	0	0	0	3300	5070	93
80	NaN	NaN	NaN	NaN	NaN	NaN	NaN	NaN	NaN	NaN	NaN	NaN	NaN	NaN	NaN	NaN	NaN	NaN	NaN	125	NaN	NaN	NaN	NaN	NaN	NaN	NaN	NaN	NaN	NaN	NaN	NaN	NaN	NaN	NaN	NaN	NaN	NaN	NaN	28	75	80	125	0	0	0	0	2240	9375	94
135	NaN	NaN	NaN	NaN	NaN	NaN	NaN	NaN	NaN	NaN	NaN	NaN	NaN	NaN	NaN	NaN	NaN	NaN	NaN	110	NaN	NaN	NaN	NaN	NaN	NaN	NaN	NaN	NaN	NaN	NaN	NaN	NaN	NaN	NaN	NaN	NaN	NaN	NaN	34	52	135	110	0	0	0	0	4590	5720	76
130	NaN	NaN	NaN	NaN	NaN	NaN	NaN	NaN	NaN	NaN	NaN	NaN	NaN	NaN	NaN	NaN	NaN	NaN	NaN	110	NaN	NaN	NaN	NaN	NaN	NaN	NaN	NaN	NaN	NaN	NaN	NaN	NaN	NaN	NaN	NaN	NaN	NaN	NaN	52	63	130	110	0	0	0	0	6760	6930	78
120	NaN	NaN	NaN	NaN	NaN	NaN	NaN	NaN	NaN	NaN	NaN	NaN	NaN	NaN	NaN	NaN	NaN	NaN	NaN	110	NaN	NaN	NaN	NaN	NaN	NaN	NaN	NaN	NaN	NaN	NaN	NaN	NaN	NaN	NaN	NaN	NaN	NaN	NaN	56	78	120	110	0	0	0	0	6720	8580	73
130	NaN	NaN	NaN	NaN	NaN	NaN	NaN	NaN	NaN	NaN	NaN	NaN	NaN	NaN	NaN	NaN	NaN	NaN	NaN	120	NaN	NaN	NaN	NaN	NaN	NaN	NaN	NaN	NaN	NaN	NaN	NaN	NaN	NaN	NaN	NaN	NaN	NaN	NaN	37	40	130	120	0	0	0	0	4810	4800	82
115	NaN	NaN	NaN	NaN	NaN	NaN	NaN	NaN	NaN	NaN	NaN	NaN	NaN	NaN	NaN	NaN	NaN	NaN	NaN	120	NaN	NaN	NaN	NaN	NaN	NaN	NaN	NaN	NaN	NaN	NaN	NaN	NaN	NaN	NaN	NaN	NaN	NaN	NaN	59	37	115	120	0	0	0	0	6785	4440	90
120	NaN	NaN	NaN	NaN	NaN	NaN	NaN	NaN	NaN	NaN	NaN	NaN	NaN	NaN	NaN	NaN	NaN	NaN	NaN	125	NaN	NaN	NaN	NaN	NaN	NaN	NaN	NaN	NaN	NaN	NaN	NaN	NaN	NaN	NaN	NaN	NaN	NaN	NaN	83	11	120	125	0	0	0	0	9960	1375	79
130	NaN	NaN	NaN	NaN	NaN	NaN	NaN	NaN	NaN	NaN	NaN	NaN	NaN	NaN	NaN	NaN	NaN	NaN	NaN	110	NaN	NaN	NaN	NaN	NaN	NaN	NaN	NaN	NaN	NaN	NaN	NaN	NaN	NaN	NaN	NaN	NaN	NaN	NaN	32	37	130	110	0	0	0	0	4160	4070	75
115	NaN	NaN	NaN	NaN	NaN	NaN	NaN	NaN	NaN	NaN	NaN	NaN	NaN	NaN	NaN	NaN	NaN	NaN	NaN	95	NaN	NaN	NaN	NaN	NaN	NaN	NaN	NaN	NaN	NaN	NaN	NaN	NaN	NaN	NaN	NaN	NaN	NaN	NaN	51	64	115	95	0	0	0	0	5865	6080	83
75	NaN	NaN	NaN	NaN	NaN	NaN	NaN	NaN	NaN	NaN	NaN	NaN	NaN	NaN	NaN	NaN	NaN	NaN	NaN	115	NaN	NaN	NaN	NaN	NaN	NaN	NaN	NaN	NaN	NaN	NaN	NaN	NaN	NaN	NaN	NaN	NaN	NaN	NaN	24	15	75	115	0	0	0	0	1800	1725	81
85	NaN	NaN	NaN	NaN	NaN	NaN	NaN	NaN	NaN	NaN	NaN	NaN	NaN	NaN	NaN	NaN	NaN	NaN	NaN	115	NaN	NaN	NaN	NaN	NaN	NaN	NaN	NaN	NaN	NaN	NaN	NaN	NaN	NaN	NaN	NaN	NaN	NaN	NaN	71	45	85	115	0	0	0	0	6035	5175	74
130	NaN	NaN	NaN	NaN	NaN	NaN	NaN	NaN	NaN	NaN	NaN	NaN	NaN	NaN	NaN	NaN	NaN	NaN	NaN	115	NaN	NaN	NaN	NaN	NaN	NaN	NaN	NaN	NaN	NaN	NaN	NaN	NaN	NaN	NaN	NaN	NaN	NaN	NaN	79	32	130	115	0	0	0	0	10270	3680	95
50	60	70	70	90	100	100	100	110	120	120	120	120	120	130	130	140	140	150	160	50	50	50	60	60	60	70	80	80	90	100	100	120	130	140	140	140	140	160	180	49	85	110	100	905.2631579	1673.684211	-0.428229004	0.321761799	5390	8500	13
70	80	90	100	100	100	110	110	120	120	120	120	120	130	130	150	150	150	160	170	50	70	80	110	120	130	130	130	130	130	140	140	150	150	150	150	160	160	160	160	97	68	120	130	705.2631579	968.4210526	0.08649262	-1.290092231	11640	8840	19
60	80	100	100	110	110	110	110	110	120	120	120	130	140	140	140	150	170	180	200	80	90	100	100	100	110	110	110	110	110	120	130	130	140	140	140	140	140	150	150	32	95	125	120	1089.473684	431.5789474	0.436970852	-0.144545795	4000	11400	7
30	80	80	80	90	90	90	90	100	110	110	120	120	130	130	140	160	170	190	190	70	90	90	90	110	110	110	120	120	120	120	120	130	130	140	140	140	180	180	190	84	73	115	125	1636.842105	973.6842105	0.256853193	0.554513341	9660	9125	18
40	40	50	50	50	50	50	60	70	70	80	90	100	140	150	150	150	160	170	180	40	40	70	80	90	90	90	100	100	100	110	110	110	120	120	120	120	130	130	130	82	57	95	100	2478.947368	705.2631579	0.452818318	-1.020612921	7790	5700	4
40	70	80	80	80	90	90	100	110	110	110	120	120	120	120	130	140	140	160	190	20	40	50	50	60	60	80	90	90	90	90	100	100	100	110	110	120	130	150	160	31	55	110	90	1136.842105	1294.736842	0.278932784	0.020863388	3410	4950	1
80	90	90	90	100	100	100	110	110	110	110	110	130	130	140	140	160	200	200	200	90	100	100	100	110	110	110	120	120	130	130	140	140	140	140	150	150	160	160	200	93	52	125	130	1436.842105	715.7894737	1.023176895	0.693652159	11625	6760	8
60	60	70	80	80	80	90	90	90	100	100	100	100	110	110	110	110	110	120	130	50	70	90	100	100	110	110	110	110	110	120	120	120	120	120	130	140	150	150	170	93	80	95	115	363.1578947	731.5789474	-0.280894905	-0.319285105	8835	9200	16
30	30	30	50	50	60	60	70	70	80	80	80	80	80	90	90	110	140	160	160	50	80	90	90	100	100	100	110	110	110	110	120	140	140	140	150	150	150	160	200	32	49	80	120	1463.157895	1147.368421	0.793084791	0.26676662	2560	5880	15
10	30	50	50	60	60	80	80	80	80	90	90	90	130	140	140	150	190	200	200	100	100	120	120	120	120	120	130	130	130	130	140	140	150	150	150	150	160	160	180	84	72	100	135	3042.105263	415.7894737	0.49046521	0.210178506	8400	9720	9
70	90	90	90	90	90	100	100	100	110	120	130	130	130	140	140	170	170	170	170	50	60	60	70	70	80	90	90	90	90	100	100	100	100	130	130	170	170	170	180	59	76	120	105	1021.052632	1615.789474	0.387282845	0.675924176	7080	7980	6
40	70	80	90	90	100	100	100	100	110	120	120	130	130	130	140	140	150	160	200	20	50	80	80	100	110	110	110	120	120	120	120	120	130	130	130	130	140	140	140	65	83	115	110	1236.842105	968.4210526	0.234625391	-1.580362982	7475	9130	5
30	50	70	80	90	100	110	110	120	120	120	120	130	130	150	170	170	170	180	180	40	40	50	70	70	70	70	80	80	80	80	90	90	90	100	110	110	110	130	140	81	42	120	85	1810.526316	710.5263158	-0.323831663	0.196726758	9720	3570	17
80	90	90	90	100	100	100	110	110	110	110	110	120	120	130	150	160	170	170	180	90	100	100	100	110	110	110	120	120	120	120	130	140	140	150	160	160	160	170	190	53	35	120	130	905.2631579	757.8947368	0.761296007	0.512432245	6360	4550	11
60	80	90	90	100	100	110	110	110	120	120	130	130	130	140	140	150	150	160	180	80	80	90	90	100	100	110	120	130	130	130	130	130	140	140	140	140	160	170	190	61	38	120	125	852.6315789	868.4210526	0	0.253203863	7320	4750	20
70	80	90	90	90	90	90	100	100	110	110	120	120	130	130	130	130	140	140	140	70	70	70	80	80	90	90	90	90	100	100	100	110	120	120	120	130	130	150	190	79	91	110	105	484.2105263	900	-0.091223296	1.14597582	8690	9555	23
30	30	50	50	60	60	60	60	70	70	70	80	80	80	80	90	100	110	130	140	50	60	70	70	80	90	90	100	110	110	110	110	120	130	130	140	150	180	200	200	43	55	75	115	826.3157895	1847.368421	0.627443466	0.589621648	3225	6325	14
30	80	90	100	100	110	110	120	120	130	130	130	140	140	150	150	190	190	190	200	80	80	90	100	100	110	110	110	110	120	130	130	140	140	140	140	140	150	180	200	14	37	130	125	1768.421053	942.1052632	-0.182981264	0.655454528	1820	4625	24
40	50	50	60	60	70	70	70	80	80	90	90	100	110	110	120	120	120	150	160	40	70	80	90	90	90	100	100	100	100	100	110	110	120	120	130	130	130	140	150	37	19	90	105	1105.263158	657.8947368	0.476136051	-0.4992	3330	1995	3
40	50	50	60	60	70	70	70	80	80	90	90	100	110	110	120	120	120	150	160	40	70	80	90	90	90	100	100	100	100	100	110	110	120	120	130	130	130	140	150	68	44	90	105	1105.263158	657.8947368	0.476136051	-0.4992	6120	4620	2
20	80	90	100	110	110	110	110	120	120	120	130	130	130	140	150	160	170	200	200	30	70	90	100	100	110	110	110	120	130	130	130	130	140	140	140	150	150	150	170	65	90	125	120	1647.368421	1021.052632	-0.261663714	-1.10226656	8125	10800	12
70	80	100	100	100	100	110	120	120	120	130	130	130	130	150	150	150	150	170	190	50	60	90	100	100	100	110	110	110	120	120	120	130	130	140	140	150	150	170	200	35	44	125	120	878.9473684	1189.473684	0.21758532	0.12636406	4375	5280	21
60	90	90	100	100	100	110	110	120	120	120	120	130	130	140	150	150	150	150	160	60	90	90	90	90	100	100	100	100	100	110	120	120	120	140	140	150	150	160	170	49	71	120	115	663.1578947	815.7894737	-0.360465771	0.298955922	5880	8165	10
100	100	100	100	110	110	110	110	110	110	120	120	130	130	130	140	140	140	140	150	40	50	90	90	90	120	120	120	120	130	130	140	140	140	170	170	180	180	180	200	67	50	120	130	263.1578947	1873.684211	0.303578655	-0.391486984	8040	6500	22
120	NaN	NaN	NaN	NaN	NaN	NaN	NaN	NaN	NaN	NaN	NaN	NaN	NaN	NaN	NaN	NaN	NaN	NaN	NaN	85	NaN	NaN	NaN	NaN	NaN	NaN	NaN	NaN	NaN	NaN	NaN	NaN	NaN	NaN	NaN	NaN	NaN	NaN	NaN	81	42	120	85	0	0	0	0	9720	3570	41
130	NaN	NaN	NaN	NaN	NaN	NaN	NaN	NaN	NaN	NaN	NaN	NaN	NaN	NaN	NaN	NaN	NaN	NaN	NaN	125	NaN	NaN	NaN	NaN	NaN	NaN	NaN	NaN	NaN	NaN	NaN	NaN	NaN	NaN	NaN	NaN	NaN	NaN	NaN	14	37	130	125	0	0	0	0	1820	4625	48
125	NaN	NaN	NaN	NaN	NaN	NaN	NaN	NaN	NaN	NaN	NaN	NaN	NaN	NaN	NaN	NaN	NaN	NaN	NaN	120	NaN	NaN	NaN	NaN	NaN	NaN	NaN	NaN	NaN	NaN	NaN	NaN	NaN	NaN	NaN	NaN	NaN	NaN	NaN	35	44	125	120	0	0	0	0	4375	5280	45
120	NaN	NaN	NaN	NaN	NaN	NaN	NaN	NaN	NaN	NaN	NaN	NaN	NaN	NaN	NaN	NaN	NaN	NaN	NaN	125	NaN	NaN	NaN	NaN	NaN	NaN	NaN	NaN	NaN	NaN	NaN	NaN	NaN	NaN	NaN	NaN	NaN	NaN	NaN	61	38	120	125	0	0	0	0	7320	4750	44
120	NaN	NaN	NaN	NaN	NaN	NaN	NaN	NaN	NaN	NaN	NaN	NaN	NaN	NaN	NaN	NaN	NaN	NaN	NaN	130	NaN	NaN	NaN	NaN	NaN	NaN	NaN	NaN	NaN	NaN	NaN	NaN	NaN	NaN	NaN	NaN	NaN	NaN	NaN	97	68	120	130	0	0	0	0	11640	8840	43
120	NaN	NaN	NaN	NaN	NaN	NaN	NaN	NaN	NaN	NaN	NaN	NaN	NaN	NaN	NaN	NaN	NaN	NaN	NaN	130	NaN	NaN	NaN	NaN	NaN	NaN	NaN	NaN	NaN	NaN	NaN	NaN	NaN	NaN	NaN	NaN	NaN	NaN	NaN	67	50	120	130	0	0	0	0	8040	6500	46
120	NaN	NaN	NaN	NaN	NaN	NaN	NaN	NaN	NaN	NaN	NaN	NaN	NaN	NaN	NaN	NaN	NaN	NaN	NaN	105	NaN	NaN	NaN	NaN	NaN	NaN	NaN	NaN	NaN	NaN	NaN	NaN	NaN	NaN	NaN	NaN	NaN	NaN	NaN	59	76	120	105	0	0	0	0	7080	7980	30
115	NaN	NaN	NaN	NaN	NaN	NaN	NaN	NaN	NaN	NaN	NaN	NaN	NaN	NaN	NaN	NaN	NaN	NaN	NaN	110	NaN	NaN	NaN	NaN	NaN	NaN	NaN	NaN	NaN	NaN	NaN	NaN	NaN	NaN	NaN	NaN	NaN	NaN	NaN	65	83	115	110	0	0	0	0	7475	9130	29
95	NaN	NaN	NaN	NaN	NaN	NaN	NaN	NaN	NaN	NaN	NaN	NaN	NaN	NaN	NaN	NaN	NaN	NaN	NaN	115	NaN	NaN	NaN	NaN	NaN	NaN	NaN	NaN	NaN	NaN	NaN	NaN	NaN	NaN	NaN	NaN	NaN	NaN	NaN	93	80	95	115	0	0	0	0	8835	9200	40
110	NaN	NaN	NaN	NaN	NaN	NaN	NaN	NaN	NaN	NaN	NaN	NaN	NaN	NaN	NaN	NaN	NaN	NaN	NaN	100	NaN	NaN	NaN	NaN	NaN	NaN	NaN	NaN	NaN	NaN	NaN	NaN	NaN	NaN	NaN	NaN	NaN	NaN	NaN	49	85	110	100	0	0	0	0	5390	8500	37
90	NaN	NaN	NaN	NaN	NaN	NaN	NaN	NaN	NaN	NaN	NaN	NaN	NaN	NaN	NaN	NaN	NaN	NaN	NaN	105	NaN	NaN	NaN	NaN	NaN	NaN	NaN	NaN	NaN	NaN	NaN	NaN	NaN	NaN	NaN	NaN	NaN	NaN	NaN	68	44	90	105	0	0	0	0	6120	4620	26
95	NaN	NaN	NaN	NaN	NaN	NaN	NaN	NaN	NaN	NaN	NaN	NaN	NaN	NaN	NaN	NaN	NaN	NaN	NaN	100	NaN	NaN	NaN	NaN	NaN	NaN	NaN	NaN	NaN	NaN	NaN	NaN	NaN	NaN	NaN	NaN	NaN	NaN	NaN	82	57	95	100	0	0	0	0	7790	5700	28
120	NaN	NaN	NaN	NaN	NaN	NaN	NaN	NaN	NaN	NaN	NaN	NaN	NaN	NaN	NaN	NaN	NaN	NaN	NaN	130	NaN	NaN	NaN	NaN	NaN	NaN	NaN	NaN	NaN	NaN	NaN	NaN	NaN	NaN	NaN	NaN	NaN	NaN	NaN	53	35	120	130	0	0	0	0	6360	4550	35
110	NaN	NaN	NaN	NaN	NaN	NaN	NaN	NaN	NaN	NaN	NaN	NaN	NaN	NaN	NaN	NaN	NaN	NaN	NaN	105	NaN	NaN	NaN	NaN	NaN	NaN	NaN	NaN	NaN	NaN	NaN	NaN	NaN	NaN	NaN	NaN	NaN	NaN	NaN	79	91	110	105	0	0	0	0	8690	9555	47
90	NaN	NaN	NaN	NaN	NaN	NaN	NaN	NaN	NaN	NaN	NaN	NaN	NaN	NaN	NaN	NaN	NaN	NaN	NaN	105	NaN	NaN	NaN	NaN	NaN	NaN	NaN	NaN	NaN	NaN	NaN	NaN	NaN	NaN	NaN	NaN	NaN	NaN	NaN	37	19	90	105	0	0	0	0	3330	1995	27
115	NaN	NaN	NaN	NaN	NaN	NaN	NaN	NaN	NaN	NaN	NaN	NaN	NaN	NaN	NaN	NaN	NaN	NaN	NaN	125	NaN	NaN	NaN	NaN	NaN	NaN	NaN	NaN	NaN	NaN	NaN	NaN	NaN	NaN	NaN	NaN	NaN	NaN	NaN	84	73	115	125	0	0	0	0	9660	9125	42
125	NaN	NaN	NaN	NaN	NaN	NaN	NaN	NaN	NaN	NaN	NaN	NaN	NaN	NaN	NaN	NaN	NaN	NaN	NaN	130	NaN	NaN	NaN	NaN	NaN	NaN	NaN	NaN	NaN	NaN	NaN	NaN	NaN	NaN	NaN	NaN	NaN	NaN	NaN	93	52	125	130	0	0	0	0	11625	6760	32
120	NaN	NaN	NaN	NaN	NaN	NaN	NaN	NaN	NaN	NaN	NaN	NaN	NaN	NaN	NaN	NaN	NaN	NaN	NaN	115	NaN	NaN	NaN	NaN	NaN	NaN	NaN	NaN	NaN	NaN	NaN	NaN	NaN	NaN	NaN	NaN	NaN	NaN	NaN	49	71	120	115	0	0	0	0	5880	8165	34
75	NaN	NaN	NaN	NaN	NaN	NaN	NaN	NaN	NaN	NaN	NaN	NaN	NaN	NaN	NaN	NaN	NaN	NaN	NaN	115	NaN	NaN	NaN	NaN	NaN	NaN	NaN	NaN	NaN	NaN	NaN	NaN	NaN	NaN	NaN	NaN	NaN	NaN	NaN	43	55	75	115	0	0	0	0	3225	6325	38
100	NaN	NaN	NaN	NaN	NaN	NaN	NaN	NaN	NaN	NaN	NaN	NaN	NaN	NaN	NaN	NaN	NaN	NaN	NaN	135	NaN	NaN	NaN	NaN	NaN	NaN	NaN	NaN	NaN	NaN	NaN	NaN	NaN	NaN	NaN	NaN	NaN	NaN	NaN	84	72	100	135	0	0	0	0	8400	9720	33
110	NaN	NaN	NaN	NaN	NaN	NaN	NaN	NaN	NaN	NaN	NaN	NaN	NaN	NaN	NaN	NaN	NaN	NaN	NaN	90	NaN	NaN	NaN	NaN	NaN	NaN	NaN	NaN	NaN	NaN	NaN	NaN	NaN	NaN	NaN	NaN	NaN	NaN	NaN	31	55	110	90	0	0	0	0	3410	4950	25
125	NaN	NaN	NaN	NaN	NaN	NaN	NaN	NaN	NaN	NaN	NaN	NaN	NaN	NaN	NaN	NaN	NaN	NaN	NaN	120	NaN	NaN	NaN	NaN	NaN	NaN	NaN	NaN	NaN	NaN	NaN	NaN	NaN	NaN	NaN	NaN	NaN	NaN	NaN	65	90	125	120	0	0	0	0	8125	10800	36
80	NaN	NaN	NaN	NaN	NaN	NaN	NaN	NaN	NaN	NaN	NaN	NaN	NaN	NaN	NaN	NaN	NaN	NaN	NaN	120	NaN	NaN	NaN	NaN	NaN	NaN	NaN	NaN	NaN	NaN	NaN	NaN	NaN	NaN	NaN	NaN	NaN	NaN	NaN	32	49	80	120	0	0	0	0	2560	5880	39
125	NaN	NaN	NaN	NaN	NaN	NaN	NaN	NaN	NaN	NaN	NaN	NaN	NaN	NaN	NaN	NaN	NaN	NaN	NaN	120	NaN	NaN	NaN	NaN	NaN	NaN	NaN	NaN	NaN	NaN	NaN	NaN	NaN	NaN	NaN	NaN	NaN	NaN	NaN	32	95	125	120	0	0	0	0	4000	11400	31